format class-deltas
# what is added to a character of each class (a case table: upperList,
# lowerList, upperNoMarkList or noMarkList), class 0 first
0 0
1 0
2 0
3 0
4 0
5 0
6 0
7 -63
8 -64
9 -63
10 -62
11 -54
12 -54
13 -49
14 0
15 -96
16 0
17 118
18 117
19 -126
20 -41
21 -43
22 -42
23 -41
24 -40
25 -43
26 -42
27 0
28 -80
29 0
30 -39
31 -42
32 -44
33 -128
34 92
35 95
36 90
37 93
38 92
39 95
40 94
41 93
42 92
43 97
44 96
45 94
46 99
47 98
48 97
49 -95
50 -40
51 -43
52 -38
53 -44
54 -42
55 -41
56 -43
57 -44
58 -42
59 -40
60 -42
61 -41
62 -39
63 -41
64 -40
65 116
66 0
67 0
68 0
69 0
